{
  "advancedEditorSelectedIdentifier" : "ProjectBrowser",
  "openSceneRelativePaths" : [
    "Immersive.usda",
    "Scene.usda",
    "PlaneModel.usda",
    "CockpitControls.usda"
  ],
  "recentIdentifiers" : {
    "1E64F206-D88C-4C31-A038-F37BF4262465" : [

    ]
  },
  "sceneCameraHistory" : {
    "1E64F206-D88C-4C31-A038-F37BF4262465" : [
      {
        "date" : 746395003.569356,
        "title" : "Untitled",
        "transform" : [
          0.99989074,
          -1.11818395e-08,
          0.014779804,
          0,
          -0.003180068,
          0.9765814,
          0.2151248,
          0,
          -0.014433661,
          -0.21514848,
          0.9764747,
          0,
          -0.042409886,
          0.5983824,
          -0.37229925,
          1
        ]
      },
      {
        "date" : 745903358.139371,
        "title" : "Untitled",
        "transform" : [
          0.99989074,
          -1.11818395e-08,
          0.014779804,
          0,
          -0.003180068,
          0.9765814,
          0.2151248,
          0,
          -0.014433661,
          -0.21514848,
          0.9764747,
          0,
          -0.055404305,
          0.7817272,
          -0.486372,
          1
        ]
      },
      {
        "date" : 745898115.132164,
        "title" : "Untitled",
        "transform" : [
          0.99989074,
          -1.11818395e-08,
          0.014779804,
          0,
          -0.003180068,
          0.9765814,
          0.2151248,
          0,
          -0.014433661,
          -0.21514848,
          0.9764747,
          0,
          0.00087380735,
          1.3421216,
          -0.3620677,
          1
        ]
      },
      {
        "date" : 745898106.866065,
        "title" : "Untitled",
        "transform" : [
          0.99989074,
          -1.11818395e-08,
          0.014779804,
          0,
          -0.003180068,
          0.9765814,
          0.2151248,
          0,
          -0.014433661,
          -0.21514848,
          0.9764747,
          0,
          -0.0078138225,
          1.2437698,
          0.8215647,
          1
        ]
      },
      {
        "date" : 745897562.06541,
        "title" : "Untitled",
        "transform" : [
          0.9998437,
          -1.11818395e-08,
          0.017678592,
          0,
          -0.0038037372,
          0.9765814,
          0.21511468,
          0,
          -0.01726456,
          -0.21514845,
          0.9764287,
          0,
          -0.032101028,
          1.1239636,
          2.4285822,
          1
        ]
      },
      {
        "date" : 745895325.863493,
        "title" : "Untitled",
        "transform" : [
          0.99982804,
          -1.1181841e-08,
          0.018548202,
          0,
          -0.003990832,
          0.9765814,
          0.21511129,
          0,
          -0.018113801,
          -0.21514845,
          0.9764133,
          0,
          0.12413367,
          0.44220898,
          2.810224,
          1
        ]
      },
      {
        "date" : 745895133.160623,
        "title" : "Untitled",
        "transform" : [
          0.99763453,
          -1.1181841e-08,
          0.06874221,
          0,
          -0.0147899855,
          0.9765814,
          0.21463935,
          0,
          -0.067132324,
          -0.21514845,
          0.9742712,
          0,
          -0.09939291,
          0.28287932,
          2.7720616,
          1
        ]
      },
      {
        "date" : 745895089.576215,
        "title" : "Untitled",
        "transform" : [
          0.99763453,
          -1.1181841e-08,
          0.06874221,
          0,
          -0.0147899855,
          0.9765814,
          0.21463935,
          0,
          -0.067132324,
          -0.21514845,
          0.9742712,
          0,
          -0.12135108,
          0.3453738,
          3.3844733,
          1
        ]
      },
      {
        "date" : 745895009.222182,
        "title" : "Untitled",
        "transform" : [
          0.99763453,
          -1.1181841e-08,
          0.06874221,
          0,
          -0.0147899855,
          0.9765814,
          0.21463935,
          0,
          -0.067132324,
          -0.21514845,
          0.9742712,
          0,
          -0.32505786,
          0.9251379,
          9.065842,
          1
        ]
      },
      {
        "date" : 745895006.385435,
        "title" : "Untitled",
        "transform" : [
          0.999985,
          -1.1181841e-08,
          0.0054877196,
          0,
          -0.0011808904,
          0.9765814,
          0.21514507,
          0,
          -0.005359175,
          -0.21514845,
          0.9765666,
          0,
          -0.01733394,
          0.22023422,
          5.1979055,
          1
        ]
      }
    ],
    "58DB27ED-4432-43C2-A388-69F62126C399" : [
      {
        "date" : 745719068.388704,
        "title" : "Untitled",
        "transform" : [
          1,
          0,
          0,
          0,
          0,
          0.8660254,
          -0.5,
          0,
          0,
          0.5,
          0.8660254,
          0,
          -0.024302172,
          0.18041489,
          0.42023924,
          1
        ]
      },
      {
        "date" : 745718781.67921,
        "title" : "Untitled",
        "transform" : [
          1,
          0,
          0,
          0,
          0,
          0.8660254,
          -0.5,
          0,
          0,
          0.5,
          0.8660254,
          0,
          -0.02572939,
          0.13220873,
          0.44807106,
          1
        ]
      },
      {
        "date" : 745718768.006547,
        "title" : "Untitled",
        "transform" : [
          1,
          0,
          0,
          0,
          0,
          0.8660254,
          -0.5,
          0,
          0,
          0.5,
          0.8660254,
          0,
          0.012807129,
          0.1383889,
          0.4445029,
          1
        ]
      },
      {
        "date" : 745718764.941536,
        "title" : "Untitled",
        "transform" : [
          1,
          0,
          0,
          0,
          0,
          0.8660254,
          -0.5,
          0,
          0,
          0.5,
          0.8660254,
          0,
          0.013652481,
          0.112393156,
          0.38216525,
          1
        ]
      },
      {
        "date" : 745718686.363674,
        "title" : "Untitled",
        "transform" : [
          1,
          0,
          -0,
          0,
          -0,
          0.8660254,
          -0.5,
          0,
          0,
          0.5,
          0.8660254,
          0,
          0,
          0.1935807,
          0.33529162,
          1
        ]
      }
    ],
    "AF09ED6F-1707-48FD-8720-65B998362C09" : [
      {
        "date" : 745719415.53743,
        "title" : "Untitled",
        "transform" : [
          1,
          0,
          0,
          0,
          0,
          0.873705,
          -0.48645613,
          0,
          0,
          0.48645613,
          0.873705,
          0,
          -0.14393854,
          4.7392526,
          3.2422516,
          1
        ]
      },
      {
        "date" : 745719405.070612,
        "title" : "Untitled",
        "transform" : [
          1,
          0,
          0,
          0,
          0,
          0.873705,
          -0.48645613,
          0,
          0,
          0.48645613,
          0.873705,
          0,
          -0.194345,
          3.9022489,
          3.708274,
          1
        ]
      },
      {
        "date" : 745719402.291912,
        "title" : "Untitled",
        "transform" : [
          1,
          0,
          0,
          0,
          0,
          0.873705,
          -0.48645613,
          0,
          0,
          0.48645613,
          0.873705,
          0,
          0.34650135,
          3.4444923,
          3.9631426,
          1
        ]
      },
      {
        "date" : 745718255.938659,
        "title" : "Untitled",
        "transform" : [
          1,
          0,
          -0,
          0,
          -0,
          0.873705,
          -0.48645613,
          0,
          0,
          0.48645613,
          0.873705,
          0,
          0,
          3.494494,
          3.935302,
          1
        ]
      }
    ],
    "D66134B1-3681-4A8E-AFE5-29F257229F3B" : [
      {
        "date" : 745718667.989821,
        "title" : "Untitled",
        "transform" : [
          1,
          0,
          0,
          0,
          0,
          0.8660253,
          -0.50000006,
          0,
          0,
          0.50000006,
          0.8660253,
          0,
          0.00095525756,
          0.21579432,
          0.32344928,
          1
        ]
      },
      {
        "date" : 745718666.072922,
        "title" : "Untitled",
        "transform" : [
          1,
          0,
          0,
          0,
          0,
          0.8660253,
          -0.50000006,
          0,
          0,
          0.50000006,
          0.8660253,
          0,
          -0.018241014,
          0.20360309,
          0.33048785,
          1
        ]
      },
      {
        "date" : 745718257.791724,
        "title" : "Untitled",
        "transform" : [
          1,
          0,
          0,
          0,
          0,
          0.8660253,
          -0.50000006,
          0,
          0,
          0.50000006,
          0.8660253,
          0,
          0.013250504,
          0.21783221,
          0.32227266,
          1
        ]
      }
    ]
  },
  "selectedSceneRelativePath" : "CockpitControls.usda"
}